3 Авиация 4 0 2 4 4 4 4 4 3
1 Пришельцы 4 2 4 0 3 1 3 4 4
2 Киллер 4 1 4 2 0 0 0 2 4
1 Бизнес 0 2 2 4 4 0 4 4 1
2 Колонизация 1 0 0 4 4 1 1 4 2
1 Готовка 3 1 2 4 1 4 2 4 0
3 Киберпанк 4 2 4 2 1 0 1 3 4
2 Танцы 1 0 0 4 0 4 4 3 2
1 Детектив 0 4 4 2 0 3 2 3 4
1 Подземелья 4 2 4 4 4 0 2 4 4
2 Эволюция 1 0 0 4 4 0 2 4 1
3 Фентези 4 4 4 2 4 0 4 4 4
2 Гейммейкер 0 1 0 4 0 2 3 4 1
1 История 2 2 2 4 4 3 2 4 3
2 Хоррор 4 4 2 0 1 2 0 3 4
1 Охота 4 3 3 4 1 3 3 4 3
3 Жизнь 0 4 3 4 0 2 4 4 2
1 Файтинг 4 2 4 4 1 4 1 3 4
1 Средние_Века 4 4 4 2 4 1 4 4 3
2 Война 4 0 2 4 4 0 1 3 4
2 И.Кино 4 2 0 4 0 4 3 4 3
1 Ниндзя 4 2 2 0 2 3 4 3 3
2 Пираты 2 4 3 3 1 2 4 4 2
2 Зомби 4 2 4 0 3 0 0 3 4
1 Гонки 3 0 2 4 1 4 4 4 3
1 Ритм_Игра 4 1 1 4 0 4 4 3 2
3 Космос 4 2 0 4 4 1 2 4 4
2 Спорт 4 0 0 4 1 4 4 4 2
3 Хирургия 2 1 0 4 1 0 2 4 3
3 Тайм_Тревел 3 4 4 1 0 1 3 4 2
1 Вампиры 4 2 4 0 0 1 1 4 4
2 Транспорт 0 0 0 4 4 9 3 4 1
2 Дикий_Запад 3 1 4 0 0 1 4 3 4
